<?xml version="1.0"?>
<opencv_storage>
<calibration_Time>"Mon Apr  4 12:14:41 2016"</calibration_Time>
<nrOfFrames>10</nrOfFrames>
<image_Width>768</image_Width>
<image_Height>710</image_Height>
<board_Width>3</board_Width>
<board_Height>11</board_Height>
<square_Size>1.</square_Size>
<!-- flags:  +zero_tangent_dist -->
<flagValue>8</flagValue>
<Camera_Matrix type_id="opencv-matrix">
  <rows>3</rows>
  <cols>3</cols>
  <dt>d</dt>
  <data>
    6.4950472053791145e+02 0. 4.2011966635601362e+02 0.
    6.4970818810273931e+02 3.6147151181048901e+02 0. 0. 1.</data></Camera_Matrix>
<Distortion_Coefficients type_id="opencv-matrix">
  <rows>5</rows>
  <cols>1</cols>
  <dt>d</dt>
  <data>
    -4.8812281545796271e-01 3.4724487670759246e-01 0. 0.
    -1.4479023206940939e-01</data></Distortion_Coefficients>
<Avg_Reprojection_Error>2.8433398132297327e-01</Avg_Reprojection_Error>
<Per_View_Reprojection_Errors type_id="opencv-matrix">
  <rows>10</rows>
  <cols>1</cols>
  <dt>f</dt>
  <data>
    4.46711510e-01 2.23873526e-01 2.48779774e-01 2.13524029e-01
    2.52777368e-01 1.60084158e-01 2.28162915e-01 2.53414601e-01
    3.86284113e-01 3.10302585e-01</data></Per_View_Reprojection_Errors>
<!-- a set of 6-tuples (rotation vector + translation vector) for each view -->
<Extrinsic_Parameters type_id="opencv-matrix">
  <rows>10</rows>
  <cols>6</cols>
  <dt>d</dt>
  <data>
    -1.3402847259696621e-01 -8.1903174794267417e-04
    1.1139747054314846e+00 2.7930292958956562e+00 3.8538909953989569e+00
    2.6611086205671928e+01 -1.0688535204418888e-01
    1.8438638732392737e-02 1.1615660531624175e+00 6.8019269846023320e+00
    1.4717464931173150e+00 2.4188724191136480e+01
    -7.2316706172573852e-02 -7.9121213674954366e-02
    1.1446548475803142e+00 2.5540834610672725e-01
    -7.1192879133932285e+00 2.2992763657398338e+01
    -6.5540739300361417e-02 -9.0861742928087227e-02
    4.8858091830894407e-01 -4.1773065083508811e+00
    -4.0382922352159349e+00 2.7507556596790181e+01
    -7.0614855993640979e-02 -1.0402862995999929e-01
    4.9777079198721230e-01 -4.5903946683602834e+00
    -4.9349507588615902e+00 2.6598739818815833e+01
    -5.5269232748973496e-02 -9.9287093500876236e-02
    5.1077440323573431e-01 -3.2337486294250368e+00
    -1.0639670085439361e+01 2.4165919823893926e+01
    -8.1307494823887105e-02 -8.2281914910414811e-02
    5.0953724392451860e-01 -2.5641164127954865e+00
    -3.9836953763276157e+00 2.4803428622221958e+01
    -7.1062237432586842e-02 -4.9956439066513432e-02
    5.1641199715780806e-01 -8.2332520895930694e-01
    -7.1113741771849748e+00 2.6536671700695571e+01
    -7.6289834917188853e-02 -3.0226310559526622e-02
    5.3905061092222328e-01 -3.7671881598053161e+00
    -4.0622319416142849e+00 2.5800240605135592e+01
    -7.9466770832958361e-02 -4.4700302469146060e-02
    5.3993309365337905e-01 -6.3460479997300112e+00
    -5.6763119492446821e+00 2.6237818717565112e+01</data></Extrinsic_Parameters>
<Image_points type_id="opencv-matrix">
  <rows>10</rows>
  <cols>33</cols>
  <dt>"2f"</dt>
  <data>
    4.87391479e+02 4.53971924e+02 5.07805634e+02 4.95681946e+02
    5.26775513e+02 5.35685974e+02 4.76593079e+02 4.86128815e+02
    4.96803101e+02 5.26947632e+02 5.16227722e+02 5.66121704e+02
    4.43520630e+02 4.75676147e+02 4.64961609e+02 5.17763550e+02
    4.85507904e+02 5.57248413e+02 4.34730804e+02 5.07828735e+02
    4.54239868e+02 5.48216797e+02 4.74150757e+02 5.86964539e+02
    4.01008514e+02 4.97050781e+02 4.22370514e+02 5.38714050e+02
    4.43169464e+02 5.78456177e+02 3.90303680e+02 5.28415771e+02
    4.10625031e+02 5.68834473e+02 4.32375519e+02 6.07218018e+02
    3.58654114e+02 5.17252930e+02 3.79558319e+02 5.58987488e+02
    4.00991089e+02 5.98082581e+02 3.47658386e+02 5.48419373e+02
    3.69451385e+02 5.87962402e+02 3.91393616e+02 6.26252869e+02
    3.15309052e+02 5.37156006e+02 3.37367889e+02 5.77914246e+02
    3.59195374e+02 6.16558777e+02 3.05983917e+02 5.67026917e+02
    3.28144226e+02 6.06347290e+02 3.49777008e+02 6.43454773e+02
    2.74604401e+02 5.55493103e+02 2.96493744e+02 5.95397888e+02
    3.19356934e+02 6.33544067e+02 5.95956482e+02 3.99547913e+02
    6.14402283e+02 4.45923737e+02 6.31517639e+02 4.90712189e+02
    5.83498108e+02 4.33787476e+02 6.01735840e+02 4.79735535e+02
    6.18462769e+02 5.23766785e+02 5.50959717e+02 4.21095123e+02
    5.70395874e+02 4.68244110e+02 5.88606384e+02 5.13013000e+02
    5.37934937e+02 4.56065369e+02 5.56967407e+02 5.02029114e+02
    5.74892334e+02 5.46415833e+02 5.04260010e+02 4.42743896e+02
    5.24278564e+02 4.90436676e+02 5.43154297e+02 5.36112122e+02
    4.89720276e+02 4.77366730e+02 5.10127960e+02 5.24734314e+02
    5.28937256e+02 5.68884033e+02 4.55320648e+02 4.64950623e+02
    4.76305542e+02 5.12623657e+02 4.96123566e+02 5.58038940e+02
    4.41353119e+02 4.99897980e+02 4.62070648e+02 5.46353455e+02
    4.82141937e+02 5.90137085e+02 4.05976166e+02 4.86388275e+02
    4.27295715e+02 5.33968628e+02 4.48010590e+02 5.79027283e+02
    3.92221375e+02 5.20724548e+02 4.13409180e+02 5.66975769e+02
    4.34042847e+02 6.10443359e+02 3.56475861e+02 5.06943329e+02
    3.78539917e+02 5.53901245e+02 4.00282776e+02 5.98306458e+02
    4.27324432e+02 1.69050491e+02 4.49623901e+02 2.15935059e+02
    4.72714294e+02 2.65144165e+02 4.13284027e+02 2.02152542e+02
    4.36171570e+02 2.50816498e+02 4.59411407e+02 3.01181305e+02
    3.77800354e+02 1.88910294e+02 3.99702637e+02 2.36523315e+02
    4.22461884e+02 2.86754791e+02 3.63208008e+02 2.22973663e+02
    3.85347809e+02 2.72556915e+02 4.09195221e+02 3.23166260e+02
    3.26777527e+02 2.09759216e+02 3.48378906e+02 2.58705444e+02
    3.71206818e+02 3.09631226e+02 3.11833191e+02 2.45241257e+02
    3.33764099e+02 2.95543152e+02 3.56709900e+02 3.46915619e+02
    2.76866913e+02 2.32762924e+02 2.97155701e+02 2.81828827e+02
    3.19346985e+02 3.33124695e+02 2.61579926e+02 2.68589874e+02
    2.82648163e+02 3.18905182e+02 3.05094727e+02 3.70390015e+02
    2.27211807e+02 2.55939072e+02 2.47108444e+02 3.05435242e+02
    2.68288330e+02 3.56506042e+02 2.12823669e+02 2.92208679e+02
    2.33165756e+02 3.42144012e+02 2.55239212e+02 3.93483246e+02
    1.80245560e+02 2.79758209e+02 1.99158264e+02 3.28730530e+02
    2.19938919e+02 3.79389404e+02 3.23456970e+02 2.68009125e+02
    3.63755615e+02 2.89472229e+02 4.04853210e+02 3.11315796e+02
    3.32139618e+02 2.99041077e+02 3.73124908e+02 3.20862366e+02
    4.14460571e+02 3.42822998e+02 3.01474091e+02 3.08445496e+02
    3.41427734e+02 3.30167877e+02 3.82703369e+02 3.52272583e+02
    3.10134735e+02 3.39633209e+02 3.51011963e+02 3.61944336e+02
    3.92331146e+02 3.83984680e+02 2.78909271e+02 3.49229797e+02
    3.19500122e+02 3.71608704e+02 3.60871307e+02 3.93705292e+02
    2.88125397e+02 3.80959717e+02 3.29298645e+02 4.03545532e+02
    3.70577057e+02 4.25501617e+02 2.57775208e+02 3.90423401e+02
    2.98142548e+02 4.12932098e+02 3.39203461e+02 4.35075775e+02
    2.67703339e+02 4.22272583e+02 3.07865601e+02 4.44490784e+02
    3.49001801e+02 4.66166870e+02 2.37523193e+02 4.30443512e+02
    2.77246643e+02 4.53647736e+02 3.18081116e+02 4.75592621e+02
    2.47586838e+02 4.62146057e+02 2.87279419e+02 4.84368164e+02
    3.28262970e+02 5.06029846e+02 2.18344330e+02 4.70452393e+02
    2.57602356e+02 4.92959137e+02 2.97776978e+02 5.14720642e+02
    3.11270386e+02 2.44281555e+02 3.52235565e+02 2.66707062e+02
    3.93949402e+02 2.89233459e+02 3.19721985e+02 2.75979065e+02
    3.61399414e+02 2.98616180e+02 4.03469849e+02 3.21610962e+02
    2.87626312e+02 2.85522430e+02 3.28613342e+02 3.08090088e+02
    3.70784515e+02 3.30890503e+02 2.96340576e+02 3.17155640e+02
    3.37911743e+02 3.40479767e+02 3.80332855e+02 3.63735809e+02
    2.64294708e+02 3.26873383e+02 3.05319397e+02 3.50119812e+02
    3.47689758e+02 3.73199707e+02 2.73004700e+02 3.59703644e+02
    3.14983337e+02 3.82103546e+02 3.57129425e+02 4.06387634e+02
    2.41896942e+02 3.69214478e+02 2.82878448e+02 3.92356689e+02
    3.24791992e+02 4.16217102e+02 2.51290894e+02 4.01734406e+02
